2
17
1
0.000000000
0.033203125
0.070312500
0.111328125
0.156250000
0.205078125
0.257812500
0.314453125
0.375000000
0.439453125
0.507812500
0.580078125
0.656250000
0.736328125
0.820312500
0.908203125
1.000000000
0.0
0.06250
0.12500
0.18750
0.25000
0.31250
0.37500
0.43750
0.50000
0.56250
0.62500
0.68750
0.75000
0.81250
0.87500
0.93750
1.0
257
1
1.000000000
1.007766725
1.015533450
1.023269658
1.030975350
1.038650525
1.046295184
1.053909326
1.061492951
1.069046059
1.076568651
1.084060726
1.091522285
1.098953327
1.106353852
1.113723861
1.121063353
1.128372328
1.135650787
1.142898729
1.150116154
1.157303063
1.164459455
1.171585330
1.178680689
1.185745531
1.192779857
1.199783666
1.206756958
1.213699733
1.220611992
1.227493735
1.234344960
1.241165669
1.247955861
1.254715537
1.261444696
1.268143339
1.274811464
1.281449073
1.288056166
1.294632742
1.301178801
1.307694343
1.314179369
1.320633878
1.327057871
1.333451347
1.339814306
1.346146749
1.352448675
1.358720084
1.364960977
1.371171353
1.377351212
1.383500555
1.389619381
1.395707691
1.401765483
1.407792760
1.413789519
1.419755762
1.425691488
1.431596698
1.437471391
1.443315567
1.449129227
1.454912370
1.460664996
1.466387106
1.472078699
1.477739775
1.483370335
1.488970378
1.494539904
1.500078914
1.505587407
1.511065384
1.516512844
1.521929787
1.527316213
1.532672123
1.537997517
1.543292393
1.548556753
1.553790597
1.558993923
1.564166733
1.569309027
1.574420804
1.579502064
1.584552807
1.589573034
1.594562744
1.599521938
1.604450615
1.609348775
1.614216418
1.619053545
1.623860156
1.628636249
1.633381826
1.638096887
1.642781430
1.647435457
1.652058968
1.656651961
1.661214439
1.665746399
1.670247843
1.674718770
1.679159181
1.683569074
1.687948452
1.692297312
1.696615656
1.700903483
1.705160794
1.709387588
1.713583865
1.717749626
1.721884870
1.725989598
1.730063808
1.734107503
1.738120680
1.742103341
1.746055485
1.749977113
1.753868223
1.757728818
1.761558895
1.765358456
1.769127500
1.772866028
1.776574039
1.780251533
1.783898511
1.787514972
1.791100917
1.794656344
1.798181256
1.801675650
1.805139528
1.808572889
1.811975734
1.815348061
1.818689873
1.822001167
1.825281945
1.828532207
1.831751951
1.834941179
1.838099891
1.841228085
1.844325763
1.847392925
1.850429569
1.853435698
1.856411309
1.859356404
1.862270982
1.865155044
1.868008589
1.870831617
1.873624128
1.876386123
1.879117602
1.881818563
1.884489008
1.887128937
1.889738348
1.892317243
1.894865622
1.897383484
1.899870829
1.902327657
1.904753969
1.907149764
1.909515043
1.911849805
1.914154050
1.916427779
1.918670990
1.920883686
1.923065864
1.925217526
1.927338672
1.929429301
1.931489413
1.933519008
1.935518087
1.937486649
1.939424694
1.941332223
1.943209235
1.945055731
1.946871710
1.948657172
1.950412118
1.952136547
1.953830459
1.955493855
1.957126734
1.958729096
1.960300942
1.961842271
1.963353083
1.964833379
1.966283158
1.967702421
1.969091167
1.970449396
1.971777108
1.973074304
1.974340983
1.975577146
1.976782792
1.977957921
1.979102534
1.980216630
1.981300209
1.982353272
1.983375818
1.984367848
1.985329360
1.986260357
1.987160836
1.988030799
1.988870245
1.989679175
1.990457588
1.991205484
1.991922863
1.992609726
1.993266073
1.993891902
1.994487215
1.995052012
1.995586292
1.996090055
1.996563301
1.997006031
1.997418244
1.997799940
1.998151120
1.998471784
1.998761930
1.999021560
1.999250673
1.999449270
1.999617350
1.999754913
1.999861960
1.999938490
1.999984503
2.000000000
0.000000000
0.003906250
0.007812500
0.011718750
0.015625000
0.019531250
0.023437500
0.027343750
0.031250000
0.035156250
0.039062500
0.042968750
0.046875000
0.050781250
0.054687500
0.058593750
0.062500000
0.066406250
0.070312500
0.074218750
0.078125000
0.082031250
0.085937500
0.089843750
0.093750000
0.097656250
0.101562500
0.105468750
0.109375000
0.113281250
0.117187500
0.121093750
0.125000000
0.128906250
0.132812500
0.136718750
0.140625000
0.144531250
0.148437500
0.152343750
0.156250000
0.160156250
0.164062500
0.167968750
0.171875000
0.175781250
0.179687500
0.183593750
0.187500000
0.191406250
0.195312500
0.199218750
0.203125000
0.207031250
0.210937500
0.214843750
0.218750000
0.222656250
0.226562500
0.230468750
0.234375000
0.238281250
0.242187500
0.246093750
0.250000000
0.253906250
0.257812500
0.261718750
0.265625000
0.269531250
0.273437500
0.277343750
0.281250000
0.285156250
0.289062500
0.292968750
0.296875000
0.300781250
0.304687500
0.308593750
0.312500000
0.316406250
0.320312500
0.324218750
0.328125000
0.332031250
0.335937500
0.339843750
0.343750000
0.347656250
0.351562500
0.355468750
0.359375000
0.363281250
0.367187500
0.371093750
0.375000000
0.378906250
0.382812500
0.386718750
0.390625000
0.394531250
0.398437500
0.402343750
0.406250000
0.410156250
0.414062500
0.417968750
0.421875000
0.425781250
0.429687500
0.433593750
0.437500000
0.441406250
0.445312500
0.449218750
0.453125000
0.457031250
0.460937500
0.464843750
0.468750000
0.472656250
0.476562500
0.480468750
0.484375000
0.488281250
0.492187500
0.496093750
0.500000000
0.503906250
0.507812500
0.511718750
0.515625000
0.519531250
0.523437500
0.527343750
0.531250000
0.535156250
0.539062500
0.542968750
0.546875000
0.550781250
0.554687500
0.558593750
0.562500000
0.566406250
0.570312500
0.574218750
0.578125000
0.582031250
0.585937500
0.589843750
0.593750000
0.597656250
0.601562500
0.605468750
0.609375000
0.613281250
0.617187500
0.621093750
0.625000000
0.628906250
0.632812500
0.636718750
0.640625000
0.644531250
0.648437500
0.652343750
0.656250000
0.660156250
0.664062500
0.667968750
0.671875000
0.675781250
0.679687500
0.683593750
0.687500000
0.691406250
0.695312500
0.699218750
0.703125000
0.707031250
0.710937500
0.714843750
0.718750000
0.722656250
0.726562500
0.730468750
0.734375000
0.738281250
0.742187500
0.746093750
0.750000000
0.753906250
0.757812500
0.761718750
0.765625000
0.769531250
0.773437500
0.777343750
0.781250000
0.785156250
0.789062500
0.792968750
0.796875000
0.800781250
0.804687500
0.808593750
0.812500000
0.816406250
0.820312500
0.824218750
0.828125000
0.832031250
0.835937500
0.839843750
0.843750000
0.847656250
0.851562500
0.855468750
0.859375000
0.863281250
0.867187500
0.871093750
0.875000000
0.878906250
0.882812500
0.886718750
0.890625000
0.894531250
0.898437500
0.902343750
0.906250000
0.910156250
0.914062500
0.917968750
0.921875000
0.925781250
0.929687500
0.933593750
0.937500000
0.941406250
0.945312500
0.949218750
0.953125000
0.957031250
0.960937500
0.964843750
0.968750000
0.972656250
0.976562500
0.980468750
0.984375000
0.988281250
0.992187500
0.996093750
1.000000000